301   0.00000
302   0.00000
303   0.00000
304   0.00000
305   0.00000
306   0.00000
307   0.00000
308   0.00000
309   0.00000
310   0.00000
311   0.00000
312   0.00000
313   0.00000
314   0.00000
315   0.00000
316   0.00000
317   0.00000
318   0.00000
319   0.00000
320   0.04000
321   0.08000
322   0.12000
323   0.16000
324   0.20000
325   0.24000
326   0.28000
327   0.32000
328   0.36000
329   0.40000
330   0.44000
331   0.48000
332   0.52000
333   0.56000
334   0.60000
335   0.64000
336   0.68000
337   0.72000
338   0.76000
339   0.80000
340   0.84000
341   0.88000
342   0.92000
343   0.96000
344   1.00000
345   0.96000
346   0.92000
347   0.88000
348   0.84000
349   0.80000
350   0.76000
351   0.72000
352   0.68000
353   0.64000
354   0.60000
355   0.56000
356   0.52000
357   0.48000
358   0.44000
359   0.40000
360   0.36000
361   0.32000
362   0.28000
363   0.24000
364   0.20000
365   0.16000
366   0.12000
367   0.08000
368   0.04000
369   0.00000
370   0.00000
371   0.00000
372   0.00000
373   0.00000
374   0.00000
375   0.00000
376   0.00000
377   0.00000
378   0.00000
379   0.00000
380   0.00000
381   0.00000
382   0.00000
383   0.00000
384   0.00000
385   0.00000
386   0.00000
387   0.00000
388   0.00000
389   0.00000
390   0.00000
391   0.00000
392   0.00000
393   0.00000
394   0.00000
395   0.00000
396   0.00000
397   0.00000
398   0.00000
399   0.00000
400   0.00000
