201   0.00000
202   0.00000
203   0.00000
204   0.00000
205   0.00000
206   0.00000
207   0.00000
208   0.00000
209   0.00000
210   0.00000
211   0.00000
212   0.00000
213   0.00000
214   0.00000
215   0.00000
216   0.00000
217   0.00000
218   0.00000
219   0.00000
220   0.00000
221   0.00000
222   0.00000
223   0.00000
224   0.00000
225   0.00000
226   0.00000
227   0.00000
228   0.00000
229   0.00000
230   0.00000
231   0.04000
232   0.08000
233   0.12000
234   0.16000
235   0.20000
236   0.24000
237   0.28000
238   0.32000
239   0.36000
240   0.40000
241   0.44000
242   0.48000
243   0.52000
244   0.56000
245   0.60000
246   0.64000
247   0.68000
248   0.72000
249   0.76000
250   0.80000
251   0.84000
252   0.88000
253   0.92000
254   0.96000
255   1.00000
256   0.96000
257   0.92000
258   0.88000
259   0.84000
260   0.80000
261   0.76000
262   0.72000
263   0.68000
264   0.64000
265   0.60000
266   0.56000
267   0.52000
268   0.48000
269   0.44000
270   0.40000
271   0.36000
272   0.32000
273   0.28000
274   0.24000
275   0.20000
276   0.16000
277   0.12000
278   0.08000
279   0.04000
280   0.00000
281   0.00000
282   0.00000
283   0.00000
284   0.00000
285   0.00000
286   0.00000
287   0.00000
288   0.00000
289   0.00000
290   0.00000
291   0.00000
292   0.00000
293   0.00000
294   0.00000
295   0.00000
296   0.00000
297   0.00000
298   0.00000
299   0.00000
300   0.00000
