501   0.00000
502   0.00000
503   0.00000
504   0.00000
505   0.00000
506   0.00000
507   0.00000
508   0.00000
509   0.00000
510   0.00000
511   0.00000
512   0.00000
513   0.00000
514   0.00000
515   0.00000
516   0.00000
517   0.00000
518   0.00000
519   0.00000
520   0.00000
521   0.00000
522   0.00000
523   0.00000
524   0.00000
525   0.00000
526   0.00000
527   0.00000
528   0.00000
529   0.00000
530   0.00000
531   0.00000
532   0.00000
533   0.00000
534   0.00000
535   0.00000
536   0.00000
537   0.00000
538   0.04000
539   0.08000
540   0.12000
541   0.16000
542   0.20000
543   0.24000
544   0.28000
545   0.32000
546   0.36000
547   0.40000
548   0.44000
549   0.48000
550   0.52000
551   0.56000
552   0.60000
553   0.64000
554   0.68000
555   0.72000
556   0.76000
557   0.80000
558   0.84000
559   0.88000
560   0.92000
561   0.96000
562   1.00000
563   0.96000
564   0.92000
565   0.88000
566   0.84000
567   0.80000
568   0.76000
569   0.72000
570   0.68000
571   0.64000
572   0.60000
573   0.56000
574   0.52000
575   0.48000
576   0.44000
577   0.40000
578   0.36000
579   0.32000
580   0.28000
581   0.24000
582   0.20000
583   0.16000
584   0.12000
585   0.08000
586   0.04000
587   0.00000
588   0.00000
589   0.00000
590   0.00000
591   0.00000
592   0.00000
593   0.00000
594   0.00000
595   0.00000
596   0.00000
597   0.00000
598   0.00000
599   0.00000
600   0.00000
