101   0.00000
102   0.00000
103   0.00000
104   0.00000
105   0.00000
106   0.00000
107   0.00000
108   0.00000
109   0.00000
110   0.00000
111   0.00000
112   0.04000
113   0.08000
114   0.12000
115   0.16000
116   0.20000
117   0.24000
118   0.28000
119   0.32000
120   0.36000
121   0.40000
122   0.44000
123   0.48000
124   0.52000
125   0.56000
126   0.60000
127   0.64000
128   0.68000
129   0.72000
130   0.76000
131   0.80000
132   0.84000
133   0.88000
134   0.92000
135   0.96000
136   1.00000
137   0.96000
138   0.92000
139   0.88000
140   0.84000
141   0.80000
142   0.76000
143   0.72000
144   0.68000
145   0.64000
146   0.60000
147   0.56000
148   0.52000
149   0.48000
150   0.44000
151   0.40000
152   0.36000
153   0.32000
154   0.28000
155   0.24000
156   0.20000
157   0.16000
158   0.12000
159   0.08000
160   0.04000
161   0.00000
162   0.00000
163   0.00000
164   0.00000
165   0.00000
166   0.00000
167   0.00000
168   0.00000
169   0.00000
170   0.00000
171   0.00000
172   0.00000
173   0.00000
174   0.00000
175   0.00000
176   0.00000
177   0.00000
178   0.00000
179   0.00000
180   0.00000
181   0.00000
182   0.00000
183   0.00000
184   0.00000
185   0.00000
186   0.00000
187   0.00000
188   0.00000
189   0.00000
190   0.00000
191   0.00000
192   0.00000
193   0.00000
194   0.00000
195   0.00000
196   0.00000
197   0.00000
198   0.00000
199   0.00000
200   0.00000
