101   0.00000
102   0.00000
103   0.00000
104   0.00000
105   0.00000
106   0.00000
107   0.00000
108   0.00000
109   0.00000
110   0.00000
111   0.00000
112   0.00000
113   0.00000
114   0.00000
115   0.00000
116   0.00000
117   0.00000
118   0.00000
119   0.00000
120   0.00000
121   0.00000
122   0.00000
123   0.00000
124   0.00000
125   0.00000
126   0.00000
127   0.00000
128   0.00000
129   0.00000
130   0.00000
131   0.00000
132   0.00000
133   0.00000
134   0.00000
135   0.00000
136   0.00000
137   0.00000
138   0.00000
139   0.00000
140   0.00000
141   0.00000
142   0.00000
143   0.00000
144   0.00000
145   0.00000
146   0.00000
147   0.00000
148   0.00000
149   0.00000
150   0.00000
151   0.00000
152   0.00000
153   0.00000
154   0.00000
155   0.00000
156   0.00000
157   0.00000
158   0.00000
159   0.00000
160   0.00000
161   0.00000
162   0.04000
163   0.08000
164   0.12000
165   0.16000
166   0.20000
167   0.24000
168   0.28000
169   0.32000
170   0.36000
171   0.40000
172   0.44000
173   0.48000
174   0.52000
175   0.56000
176   0.60000
177   0.64000
178   0.68000
179   0.72000
180   0.76000
181   0.80000
182   0.84000
183   0.88000
184   0.92000
185   0.96000
186   1.00000
187   0.96000
188   0.92000
189   0.88000
190   0.84000
191   0.80000
192   0.76000
193   0.72000
194   0.68000
195   0.64000
196   0.60000
197   0.56000
198   0.52000
199   0.48000
200   0.44000
