701   0.24000
702   0.28000
703   0.32000
704   0.36000
705   0.40000
706   0.44000
707   0.48000
708   0.52000
709   0.56000
710   0.60000
711   0.64000
712   0.68000
713   0.72000
714   0.76000
715   0.80000
716   0.84000
717   0.88000
718   0.92000
719   0.96000
720   1.00000
721   0.96000
722   0.92000
723   0.88000
724   0.84000
725   0.80000
726   0.76000
727   0.72000
728   0.68000
729   0.64000
730   0.60000
731   0.56000
732   0.52000
733   0.48000
734   0.44000
735   0.40000
736   0.36000
737   0.32000
738   0.28000
739   0.24000
740   0.20000
741   0.16000
742   0.12000
743   0.08000
744   0.04000
745   0.00000
746   0.00000
747   0.00000
748   0.00000
749   0.00000
750   0.00000
751   0.00000
752   0.00000
753   0.00000
754   0.00000
755   0.00000
756   0.00000
757   0.00000
758   0.00000
759   0.00000
760   0.00000
761   0.00000
762   0.00000
763   0.00000
764   0.00000
765   0.00000
766   0.00000
767   0.00000
768   0.00000
769   0.00000
770   0.00000
771   0.00000
772   0.00000
773   0.00000
774   0.00000
775   0.00000
776   0.00000
777   0.00000
778   0.00000
779   0.00000
780   0.00000
781   0.00000
782   0.00000
783   0.00000
784   0.00000
785   0.00000
786   0.00000
787   0.00000
788   0.00000
789   0.00000
790   0.00000
791   0.00000
792   0.00000
793   0.00000
794   0.00000
795   0.00000
796   0.00000
797   0.00000
798   0.00000
799   0.00000
800   0.00000
