301   0.88000
302   0.92000
303   0.96000
304   1.00000
305   0.96000
306   0.92000
307   0.88000
308   0.84000
309   0.80000
310   0.76000
311   0.72000
312   0.68000
313   0.64000
314   0.60000
315   0.56000
316   0.52000
317   0.48000
318   0.44000
319   0.40000
320   0.36000
321   0.32000
322   0.28000
323   0.24000
324   0.20000
325   0.16000
326   0.12000
327   0.08000
328   0.04000
329   0.00000
330   0.00000
331   0.00000
332   0.00000
333   0.00000
334   0.00000
335   0.00000
336   0.00000
337   0.00000
338   0.00000
339   0.00000
340   0.00000
341   0.00000
342   0.00000
343   0.00000
344   0.00000
345   0.00000
346   0.00000
347   0.00000
348   0.00000
349   0.00000
350   0.00000
351   0.00000
352   0.00000
353   0.00000
354   0.00000
355   0.00000
356   0.00000
357   0.00000
358   0.00000
359   0.00000
360   0.00000
361   0.00000
362   0.00000
363   0.00000
364   0.00000
365   0.00000
366   0.00000
367   0.00000
368   0.00000
369   0.00000
370   0.00000
371   0.00000
372   0.00000
373   0.00000
374   0.00000
375   0.00000
376   0.00000
377   0.00000
378   0.00000
379   0.00000
380   0.00000
381   0.00000
382   0.00000
383   0.00000
384   0.00000
385   0.00000
386   0.00000
387   0.00000
388   0.00000
389   0.00000
390   0.00000
391   0.00000
392   0.00000
393   0.00000
394   0.00000
395   0.00000
396   0.00000
397   0.00000
398   0.00000
399   0.00000
400   0.00000
