401   0.00000
402   0.00000
403   0.00000
404   0.00000
405   0.00000
406   0.00000
407   0.00000
408   0.00000
409   0.00000
410   0.00000
411   0.00000
412   0.00000
413   0.00000
414   0.00000
415   0.00000
416   0.00000
417   0.00000
418   0.00000
419   0.00000
420   0.00000
421   0.00000
422   0.00000
423   0.00000
424   0.00000
425   0.00000
426   0.00000
427   0.00000
428   0.00000
429   0.04000
430   0.08000
431   0.12000
432   0.16000
433   0.20000
434   0.24000
435   0.28000
436   0.32000
437   0.36000
438   0.40000
439   0.44000
440   0.48000
441   0.52000
442   0.56000
443   0.60000
444   0.64000
445   0.68000
446   0.72000
447   0.76000
448   0.80000
449   0.84000
450   0.88000
451   0.92000
452   0.96000
453   1.00000
454   0.96000
455   0.92000
456   0.88000
457   0.84000
458   0.80000
459   0.76000
460   0.72000
461   0.68000
462   0.64000
463   0.60000
464   0.56000
465   0.52000
466   0.48000
467   0.44000
468   0.40000
469   0.36000
470   0.32000
471   0.28000
472   0.24000
473   0.20000
474   0.16000
475   0.12000
476   0.08000
477   0.04000
478   0.00000
479   0.00000
480   0.00000
481   0.00000
482   0.00000
483   0.00000
484   0.00000
485   0.00000
486   0.00000
487   0.00000
488   0.00000
489   0.00000
490   0.00000
491   0.00000
492   0.00000
493   0.00000
494   0.00000
495   0.00000
496   0.00000
497   0.00000
498   0.00000
499   0.00000
500   0.00000
