501   0.16000
502   0.20000
503   0.24000
504   0.28000
505   0.32000
506   0.36000
507   0.40000
508   0.44000
509   0.48000
510   0.52000
511   0.56000
512   0.60000
513   0.64000
514   0.68000
515   0.72000
516   0.76000
517   0.80000
518   0.84000
519   0.88000
520   0.92000
521   0.96000
522   1.00000
523   0.96000
524   0.92000
525   0.88000
526   0.84000
527   0.80000
528   0.76000
529   0.72000
530   0.68000
531   0.64000
532   0.60000
533   0.56000
534   0.52000
535   0.48000
536   0.44000
537   0.40000
538   0.36000
539   0.32000
540   0.28000
541   0.24000
542   0.20000
543   0.16000
544   0.12000
545   0.08000
546   0.04000
547   0.00000
548   0.00000
549   0.00000
550   0.00000
551   0.00000
552   0.00000
553   0.00000
554   0.00000
555   0.00000
556   0.00000
557   0.00000
558   0.00000
559   0.00000
560   0.00000
561   0.00000
562   0.00000
563   0.00000
564   0.00000
565   0.00000
566   0.00000
567   0.00000
568   0.00000
569   0.00000
570   0.00000
571   0.00000
572   0.00000
573   0.00000
574   0.00000
575   0.00000
576   0.00000
577   0.00000
578   0.00000
579   0.00000
580   0.00000
581   0.00000
582   0.00000
583   0.00000
584   0.00000
585   0.00000
586   0.00000
587   0.00000
588   0.00000
589   0.00000
590   0.00000
591   0.00000
592   0.00000
593   0.00000
594   0.00000
595   0.00000
596   0.00000
597   0.00000
598   0.00000
599   0.00000
600   0.00000
