201   0.00000
202   0.00000
203   0.00000
204   0.00000
205   0.00000
206   0.00000
207   0.00000
208   0.00000
209   0.00000
210   0.00000
211   0.00000
212   0.00000
213   0.00000
214   0.00000
215   0.00000
216   0.00000
217   0.00000
218   0.00000
219   0.00000
220   0.00000
221   0.00000
222   0.00000
223   0.00000
224   0.00000
225   0.00000
226   0.00000
227   0.00000
228   0.00000
229   0.00000
230   0.00000
231   0.00000
232   0.00000
233   0.00000
234   0.00000
235   0.00000
236   0.00000
237   0.00000
238   0.00000
239   0.00000
240   0.00000
241   0.00000
242   0.00000
243   0.00000
244   0.00000
245   0.00000
246   0.00000
247   0.00000
248   0.00000
249   0.00000
250   0.00000
251   0.00000
252   0.00000
253   0.00000
254   0.00000
255   0.00000
256   0.00000
257   0.00000
258   0.00000
259   0.00000
260   0.00000
261   0.00000
262   0.00000
263   0.00000
264   0.00000
265   0.00000
266   0.00000
267   0.00000
268   0.00000
269   0.00000
270   0.00000
271   0.04000
272   0.08000
273   0.12000
274   0.16000
275   0.20000
276   0.24000
277   0.28000
278   0.32000
279   0.36000
280   0.40000
281   0.44000
282   0.48000
283   0.52000
284   0.56000
285   0.60000
286   0.64000
287   0.68000
288   0.72000
289   0.76000
290   0.80000
291   0.84000
292   0.88000
293   0.92000
294   0.96000
295   1.00000
296   0.96000
297   0.92000
298   0.88000
299   0.84000
300   0.80000
