701   0.00000
702   0.00000
703   0.00000
704   0.00000
705   0.00000
706   0.00000
707   0.00000
708   0.00000
709   0.00000
710   0.00000
711   0.00000
712   0.00000
713   0.00000
714   0.00000
715   0.00000
716   0.00000
717   0.00000
718   0.00000
719   0.00000
720   0.00000
721   0.00000
722   0.00000
723   0.00000
724   0.00000
725   0.00000
726   0.04000
727   0.08000
728   0.12000
729   0.16000
730   0.20000
731   0.24000
732   0.28000
733   0.32000
734   0.36000
735   0.40000
736   0.44000
737   0.48000
738   0.52000
739   0.56000
740   0.60000
741   0.64000
742   0.68000
743   0.72000
744   0.76000
745   0.80000
746   0.84000
747   0.88000
748   0.92000
749   0.96000
750   1.00000
751   0.96000
752   0.92000
753   0.88000
754   0.84000
755   0.80000
756   0.76000
757   0.72000
758   0.68000
759   0.64000
760   0.60000
761   0.56000
762   0.52000
763   0.48000
764   0.44000
765   0.40000
766   0.36000
767   0.32000
768   0.28000
769   0.24000
770   0.20000
771   0.16000
772   0.12000
773   0.08000
774   0.04000
775   0.00000
776   0.00000
777   0.00000
778   0.00000
779   0.00000
780   0.00000
781   0.00000
782   0.00000
783   0.00000
784   0.00000
785   0.00000
786   0.00000
787   0.00000
788   0.00000
789   0.00000
790   0.00000
791   0.00000
792   0.00000
793   0.00000
794   0.00000
795   0.00000
796   0.00000
797   0.00000
798   0.00000
799   0.00000
800   0.00000
