001   0.00000
002   0.00000
003   0.00000
004   0.00000
005   0.00000
006   0.00000
007   0.00000
008   0.00000
009   0.00000
010   0.00000
011   0.00000
012   0.00000
013   0.00000
014   0.00000
015   0.00000
016   0.00000
017   0.00000
018   0.00000
019   0.00000
020   0.00000
021   0.00000
022   0.00000
023   0.00000
024   0.00000
025   0.00000
026   0.00000
027   0.00000
028   0.00000
029   0.00000
030   0.00000
031   0.00000
032   0.00000
033   0.00000
034   0.00000
035   0.00000
036   0.00000
037   0.00000
038   0.00000
039   0.00000
040   0.00000
041   0.00000
042   0.00000
043   0.00000
044   0.00000
045   0.00000
046   0.00000
047   0.00000
048   0.00000
049   0.00000
050   0.00000
051   0.00000
052   0.00000
053   0.00000
054   0.00000
055   0.00000
056   0.00000
057   0.00000
058   0.00000
059   0.00000
060   0.00000
061   0.00000
062   0.00000
063   0.00000
064   0.00000
065   0.00000
066   0.00000
067   0.00000
068   0.00000
069   0.00000
070   0.00000
071   0.00000
072   0.00000
073   0.00000
074   0.00000
075   0.00000
076   0.00000
077   0.00000
078   0.00000
079   0.00000
080   0.00000
081   0.00000
082   0.00000
083   0.00000
084   0.00000
085   0.00000
086   0.00000
087   0.00000
088   0.00000
089   0.00000
090   0.00000
091   0.00000
092   0.00000
093   0.04000
094   0.08000
095   0.12000
096   0.16000
097   0.20000
098   0.24000
099   0.28000
100   0.32000
