501   0.00000
502   0.00000
503   0.00000
504   0.00000
505   0.00000
506   0.00000
507   0.00000
508   0.00000
509   0.00000
510   0.00000
511   0.00000
512   0.00000
513   0.00000
514   0.00000
515   0.00000
516   0.00000
517   0.00000
518   0.00000
519   0.00000
520   0.00000
521   0.00000
522   0.00000
523   0.00000
524   0.00000
525   0.00000
526   0.00000
527   0.00000
528   0.00000
529   0.00000
530   0.00000
531   0.00000
532   0.00000
533   0.00000
534   0.00000
535   0.00000
536   0.00000
537   0.00000
538   0.00000
539   0.00000
540   0.00000
541   0.00000
542   0.00000
543   0.00000
544   0.00000
545   0.00000
546   0.00000
547   0.00000
548   0.00000
549   0.00000
550   0.00000
551   0.00000
552   0.00000
553   0.00000
554   0.00000
555   0.00000
556   0.00000
557   0.00000
558   0.00000
559   0.00000
560   0.00000
561   0.00000
562   0.00000
563   0.00000
564   0.00000
565   0.00000
566   0.00000
567   0.00000
568   0.04000
569   0.08000
570   0.12000
571   0.16000
572   0.20000
573   0.24000
574   0.28000
575   0.32000
576   0.36000
577   0.40000
578   0.44000
579   0.48000
580   0.52000
581   0.56000
582   0.60000
583   0.64000
584   0.68000
585   0.72000
586   0.76000
587   0.80000
588   0.84000
589   0.88000
590   0.92000
591   0.96000
592   1.00000
593   0.96000
594   0.92000
595   0.88000
596   0.84000
597   0.80000
598   0.76000
599   0.72000
600   0.68000
