101   0.00000
102   0.00000
103   0.00000
104   0.00000
105   0.00000
106   0.00000
107   0.00000
108   0.00000
109   0.00000
110   0.00000
111   0.00000
112   0.00000
113   0.00000
114   0.00000
115   0.00000
116   0.00000
117   0.00000
118   0.00000
119   0.00000
120   0.00000
121   0.00000
122   0.00000
123   0.00000
124   0.00000
125   0.00000
126   0.00000
127   0.00000
128   0.00000
129   0.00000
130   0.00000
131   0.00000
132   0.00000
133   0.00000
134   0.00000
135   0.00000
136   0.00000
137   0.00000
138   0.00000
139   0.00000
140   0.00000
141   0.00000
142   0.04000
143   0.08000
144   0.12000
145   0.16000
146   0.20000
147   0.24000
148   0.28000
149   0.32000
150   0.36000
151   0.40000
152   0.44000
153   0.48000
154   0.52000
155   0.56000
156   0.60000
157   0.64000
158   0.68000
159   0.72000
160   0.76000
161   0.80000
162   0.84000
163   0.88000
164   0.92000
165   0.96000
166   1.00000
167   0.96000
168   0.92000
169   0.88000
170   0.84000
171   0.80000
172   0.76000
173   0.72000
174   0.68000
175   0.64000
176   0.60000
177   0.56000
178   0.52000
179   0.48000
180   0.44000
181   0.40000
182   0.36000
183   0.32000
184   0.28000
185   0.24000
186   0.20000
187   0.16000
188   0.12000
189   0.08000
190   0.04000
191   0.00000
192   0.00000
193   0.00000
194   0.00000
195   0.00000
196   0.00000
197   0.00000
198   0.00000
199   0.00000
200   0.00000
