201   0.84000
202   0.88000
203   0.92000
204   0.96000
205   1.00000
206   0.96000
207   0.92000
208   0.88000
209   0.84000
210   0.80000
211   0.76000
212   0.72000
213   0.68000
214   0.64000
215   0.60000
216   0.56000
217   0.52000
218   0.48000
219   0.44000
220   0.40000
221   0.36000
222   0.32000
223   0.28000
224   0.24000
225   0.20000
226   0.16000
227   0.12000
228   0.08000
229   0.04000
230   0.00000
231   0.00000
232   0.00000
233   0.00000
234   0.00000
235   0.00000
236   0.00000
237   0.00000
238   0.00000
239   0.00000
240   0.00000
241   0.00000
242   0.00000
243   0.00000
244   0.00000
245   0.00000
246   0.00000
247   0.00000
248   0.00000
249   0.00000
250   0.00000
251   0.00000
252   0.00000
253   0.00000
254   0.00000
255   0.00000
256   0.00000
257   0.00000
258   0.00000
259   0.00000
260   0.00000
261   0.00000
262   0.00000
263   0.00000
264   0.00000
265   0.00000
266   0.00000
267   0.00000
268   0.00000
269   0.00000
270   0.00000
271   0.00000
272   0.00000
273   0.00000
274   0.00000
275   0.00000
276   0.00000
277   0.00000
278   0.00000
279   0.00000
280   0.00000
281   0.00000
282   0.00000
283   0.00000
284   0.00000
285   0.00000
286   0.00000
287   0.00000
288   0.00000
289   0.00000
290   0.00000
291   0.00000
292   0.00000
293   0.00000
294   0.00000
295   0.00000
296   0.00000
297   0.00000
298   0.00000
299   0.00000
300   0.00000
