501   0.00000
502   0.00000
503   0.00000
504   0.00000
505   0.00000
506   0.00000
507   0.00000
508   0.00000
509   0.00000
510   0.00000
511   0.00000
512   0.00000
513   0.00000
514   0.00000
515   0.00000
516   0.00000
517   0.00000
518   0.00000
519   0.00000
520   0.00000
521   0.00000
522   0.00000
523   0.00000
524   0.00000
525   0.00000
526   0.00000
527   0.00000
528   0.04000
529   0.08000
530   0.12000
531   0.16000
532   0.20000
533   0.24000
534   0.28000
535   0.32000
536   0.36000
537   0.40000
538   0.44000
539   0.48000
540   0.52000
541   0.56000
542   0.60000
543   0.64000
544   0.68000
545   0.72000
546   0.76000
547   0.80000
548   0.84000
549   0.88000
550   0.92000
551   0.96000
552   1.00000
553   0.96000
554   0.92000
555   0.88000
556   0.84000
557   0.80000
558   0.76000
559   0.72000
560   0.68000
561   0.64000
562   0.60000
563   0.56000
564   0.52000
565   0.48000
566   0.44000
567   0.40000
568   0.36000
569   0.32000
570   0.28000
571   0.24000
572   0.20000
573   0.16000
574   0.12000
575   0.08000
576   0.04000
577   0.00000
578   0.00000
579   0.00000
580   0.00000
581   0.00000
582   0.00000
583   0.00000
584   0.00000
585   0.00000
586   0.00000
587   0.00000
588   0.00000
589   0.00000
590   0.00000
591   0.00000
592   0.00000
593   0.00000
594   0.00000
595   0.00000
596   0.00000
597   0.00000
598   0.00000
599   0.00000
600   0.00000
