101   0.00000
102   0.04000
103   0.08000
104   0.12000
105   0.16000
106   0.20000
107   0.24000
108   0.28000
109   0.32000
110   0.36000
111   0.40000
112   0.44000
113   0.48000
114   0.52000
115   0.56000
116   0.60000
117   0.64000
118   0.68000
119   0.72000
120   0.76000
121   0.80000
122   0.84000
123   0.88000
124   0.92000
125   0.96000
126   1.00000
127   0.96000
128   0.92000
129   0.88000
130   0.84000
131   0.80000
132   0.76000
133   0.72000
134   0.68000
135   0.64000
136   0.60000
137   0.56000
138   0.52000
139   0.48000
140   0.44000
141   0.40000
142   0.36000
143   0.32000
144   0.28000
145   0.24000
146   0.20000
147   0.16000
148   0.12000
149   0.08000
150   0.04000
151   0.00000
152   0.00000
153   0.00000
154   0.00000
155   0.00000
156   0.00000
157   0.00000
158   0.00000
159   0.00000
160   0.00000
161   0.00000
162   0.00000
163   0.00000
164   0.00000
165   0.00000
166   0.00000
167   0.00000
168   0.00000
169   0.00000
170   0.00000
171   0.00000
172   0.00000
173   0.00000
174   0.00000
175   0.00000
176   0.00000
177   0.00000
178   0.00000
179   0.00000
180   0.00000
181   0.00000
182   0.00000
183   0.00000
184   0.00000
185   0.00000
186   0.00000
187   0.00000
188   0.00000
189   0.00000
190   0.00000
191   0.00000
192   0.00000
193   0.00000
194   0.00000
195   0.00000
196   0.00000
197   0.00000
198   0.00000
199   0.00000
200   0.00000
