601   0.00000
602   0.00000
603   0.00000
604   0.00000
605   0.00000
606   0.00000
607   0.00000
608   0.00000
609   0.00000
610   0.00000
611   0.00000
612   0.00000
613   0.00000
614   0.00000
615   0.00000
616   0.00000
617   0.04000
618   0.08000
619   0.12000
620   0.16000
621   0.20000
622   0.24000
623   0.28000
624   0.32000
625   0.36000
626   0.40000
627   0.44000
628   0.48000
629   0.52000
630   0.56000
631   0.60000
632   0.64000
633   0.68000
634   0.72000
635   0.76000
636   0.80000
637   0.84000
638   0.88000
639   0.92000
640   0.96000
641   1.00000
642   0.96000
643   0.92000
644   0.88000
645   0.84000
646   0.80000
647   0.76000
648   0.72000
649   0.68000
650   0.64000
651   0.60000
652   0.56000
653   0.52000
654   0.48000
655   0.44000
656   0.40000
657   0.36000
658   0.32000
659   0.28000
660   0.24000
661   0.20000
662   0.16000
663   0.12000
664   0.08000
665   0.04000
666   0.00000
667   0.00000
668   0.00000
669   0.00000
670   0.00000
671   0.00000
672   0.00000
673   0.00000
674   0.00000
675   0.00000
676   0.00000
677   0.00000
678   0.00000
679   0.00000
680   0.00000
681   0.00000
682   0.00000
683   0.00000
684   0.00000
685   0.00000
686   0.00000
687   0.00000
688   0.00000
689   0.00000
690   0.00000
691   0.00000
692   0.00000
693   0.00000
694   0.00000
695   0.00000
696   0.00000
697   0.00000
698   0.00000
699   0.00000
700   0.00000
