301   0.00000
302   0.00000
303   0.00000
304   0.00000
305   0.00000
306   0.00000
307   0.00000
308   0.00000
309   0.00000
310   0.00000
311   0.00000
312   0.00000
313   0.00000
314   0.00000
315   0.00000
316   0.00000
317   0.00000
318   0.00000
319   0.00000
320   0.00000
321   0.00000
322   0.00000
323   0.00000
324   0.00000
325   0.00000
326   0.00000
327   0.00000
328   0.00000
329   0.00000
330   0.00000
331   0.00000
332   0.00000
333   0.00000
334   0.00000
335   0.00000
336   0.00000
337   0.00000
338   0.00000
339   0.00000
340   0.00000
341   0.00000
342   0.00000
343   0.00000
344   0.00000
345   0.00000
346   0.00000
347   0.00000
348   0.00000
349   0.00000
350   0.04000
351   0.08000
352   0.12000
353   0.16000
354   0.20000
355   0.24000
356   0.28000
357   0.32000
358   0.36000
359   0.40000
360   0.44000
361   0.48000
362   0.52000
363   0.56000
364   0.60000
365   0.64000
366   0.68000
367   0.72000
368   0.76000
369   0.80000
370   0.84000
371   0.88000
372   0.92000
373   0.96000
374   1.00000
375   0.96000
376   0.92000
377   0.88000
378   0.84000
379   0.80000
380   0.76000
381   0.72000
382   0.68000
383   0.64000
384   0.60000
385   0.56000
386   0.52000
387   0.48000
388   0.44000
389   0.40000
390   0.36000
391   0.32000
392   0.28000
393   0.24000
394   0.20000
395   0.16000
396   0.12000
397   0.08000
398   0.04000
399   0.00000
400   0.00000
