601   0.00000
602   0.00000
603   0.00000
604   0.00000
605   0.00000
606   0.00000
607   0.00000
608   0.00000
609   0.00000
610   0.00000
611   0.00000
612   0.00000
613   0.00000
614   0.00000
615   0.00000
616   0.00000
617   0.00000
618   0.00000
619   0.00000
620   0.00000
621   0.00000
622   0.00000
623   0.00000
624   0.00000
625   0.00000
626   0.00000
627   0.04000
628   0.08000
629   0.12000
630   0.16000
631   0.20000
632   0.24000
633   0.28000
634   0.32000
635   0.36000
636   0.40000
637   0.44000
638   0.48000
639   0.52000
640   0.56000
641   0.60000
642   0.64000
643   0.68000
644   0.72000
645   0.76000
646   0.80000
647   0.84000
648   0.88000
649   0.92000
650   0.96000
651   1.00000
652   0.96000
653   0.92000
654   0.88000
655   0.84000
656   0.80000
657   0.76000
658   0.72000
659   0.68000
660   0.64000
661   0.60000
662   0.56000
663   0.52000
664   0.48000
665   0.44000
666   0.40000
667   0.36000
668   0.32000
669   0.28000
670   0.24000
671   0.20000
672   0.16000
673   0.12000
674   0.08000
675   0.04000
676   0.00000
677   0.00000
678   0.00000
679   0.00000
680   0.00000
681   0.00000
682   0.00000
683   0.00000
684   0.00000
685   0.00000
686   0.00000
687   0.00000
688   0.00000
689   0.00000
690   0.00000
691   0.00000
692   0.00000
693   0.00000
694   0.00000
695   0.00000
696   0.00000
697   0.00000
698   0.00000
699   0.00000
700   0.00000
