301   0.00000
302   0.00000
303   0.00000
304   0.00000
305   0.00000
306   0.00000
307   0.00000
308   0.00000
309   0.00000
310   0.04000
311   0.08000
312   0.12000
313   0.16000
314   0.20000
315   0.24000
316   0.28000
317   0.32000
318   0.36000
319   0.40000
320   0.44000
321   0.48000
322   0.52000
323   0.56000
324   0.60000
325   0.64000
326   0.68000
327   0.72000
328   0.76000
329   0.80000
330   0.84000
331   0.88000
332   0.92000
333   0.96000
334   1.00000
335   0.96000
336   0.92000
337   0.88000
338   0.84000
339   0.80000
340   0.76000
341   0.72000
342   0.68000
343   0.64000
344   0.60000
345   0.56000
346   0.52000
347   0.48000
348   0.44000
349   0.40000
350   0.36000
351   0.32000
352   0.28000
353   0.24000
354   0.20000
355   0.16000
356   0.12000
357   0.08000
358   0.04000
359   0.00000
360   0.00000
361   0.00000
362   0.00000
363   0.00000
364   0.00000
365   0.00000
366   0.00000
367   0.00000
368   0.00000
369   0.00000
370   0.00000
371   0.00000
372   0.00000
373   0.00000
374   0.00000
375   0.00000
376   0.00000
377   0.00000
378   0.00000
379   0.00000
380   0.00000
381   0.00000
382   0.00000
383   0.00000
384   0.00000
385   0.00000
386   0.00000
387   0.00000
388   0.00000
389   0.00000
390   0.00000
391   0.00000
392   0.00000
393   0.00000
394   0.00000
395   0.00000
396   0.00000
397   0.00000
398   0.00000
399   0.00000
400   0.00000
