201   0.00000
202   0.00000
203   0.00000
204   0.00000
205   0.00000
206   0.00000
207   0.00000
208   0.00000
209   0.00000
210   0.00000
211   0.00000
212   0.00000
213   0.00000
214   0.00000
215   0.00000
216   0.00000
217   0.00000
218   0.00000
219   0.00000
220   0.00000
221   0.04000
222   0.08000
223   0.12000
224   0.16000
225   0.20000
226   0.24000
227   0.28000
228   0.32000
229   0.36000
230   0.40000
231   0.44000
232   0.48000
233   0.52000
234   0.56000
235   0.60000
236   0.64000
237   0.68000
238   0.72000
239   0.76000
240   0.80000
241   0.84000
242   0.88000
243   0.92000
244   0.96000
245   1.00000
246   0.96000
247   0.92000
248   0.88000
249   0.84000
250   0.80000
251   0.76000
252   0.72000
253   0.68000
254   0.64000
255   0.60000
256   0.56000
257   0.52000
258   0.48000
259   0.44000
260   0.40000
261   0.36000
262   0.32000
263   0.28000
264   0.24000
265   0.20000
266   0.16000
267   0.12000
268   0.08000
269   0.04000
270   0.00000
271   0.00000
272   0.00000
273   0.00000
274   0.00000
275   0.00000
276   0.00000
277   0.00000
278   0.00000
279   0.00000
280   0.00000
281   0.00000
282   0.00000
283   0.00000
284   0.00000
285   0.00000
286   0.00000
287   0.00000
288   0.00000
289   0.00000
290   0.00000
291   0.00000
292   0.00000
293   0.00000
294   0.00000
295   0.00000
296   0.00000
297   0.00000
298   0.00000
299   0.00000
300   0.00000
