401   0.00000
402   0.00000
403   0.00000
404   0.00000
405   0.00000
406   0.00000
407   0.00000
408   0.00000
409   0.00000
410   0.00000
411   0.00000
412   0.00000
413   0.00000
414   0.00000
415   0.00000
416   0.00000
417   0.00000
418   0.00000
419   0.04000
420   0.08000
421   0.12000
422   0.16000
423   0.20000
424   0.24000
425   0.28000
426   0.32000
427   0.36000
428   0.40000
429   0.44000
430   0.48000
431   0.52000
432   0.56000
433   0.60000
434   0.64000
435   0.68000
436   0.72000
437   0.76000
438   0.80000
439   0.84000
440   0.88000
441   0.92000
442   0.96000
443   1.00000
444   0.96000
445   0.92000
446   0.88000
447   0.84000
448   0.80000
449   0.76000
450   0.72000
451   0.68000
452   0.64000
453   0.60000
454   0.56000
455   0.52000
456   0.48000
457   0.44000
458   0.40000
459   0.36000
460   0.32000
461   0.28000
462   0.24000
463   0.20000
464   0.16000
465   0.12000
466   0.08000
467   0.04000
468   0.00000
469   0.00000
470   0.00000
471   0.00000
472   0.00000
473   0.00000
474   0.00000
475   0.00000
476   0.00000
477   0.00000
478   0.00000
479   0.00000
480   0.00000
481   0.00000
482   0.00000
483   0.00000
484   0.00000
485   0.00000
486   0.00000
487   0.00000
488   0.00000
489   0.00000
490   0.00000
491   0.00000
492   0.00000
493   0.00000
494   0.00000
495   0.00000
496   0.00000
497   0.00000
498   0.00000
499   0.00000
500   0.00000
