001   0.00000
002   0.00000
003   0.00000
004   0.00000
005   0.00000
006   0.00000
007   0.00000
008   0.00000
009   0.00000
010   0.00000
011   0.00000
012   0.00000
013   0.00000
014   0.00000
015   0.00000
016   0.00000
017   0.00000
018   0.00000
019   0.00000
020   0.00000
021   0.00000
022   0.00000
023   0.00000
024   0.00000
025   0.00000
026   0.00000
027   0.00000
028   0.00000
029   0.00000
030   0.00000
031   0.00000
032   0.00000
033   0.00000
034   0.00000
035   0.00000
036   0.00000
037   0.00000
038   0.00000
039   0.00000
040   0.00000
041   0.00000
042   0.00000
043   0.04000
044   0.08000
045   0.12000
046   0.16000
047   0.20000
048   0.24000
049   0.28000
050   0.32000
051   0.36000
052   0.40000
053   0.44000
054   0.48000
055   0.52000
056   0.56000
057   0.60000
058   0.64000
059   0.68000
060   0.72000
061   0.76000
062   0.80000
063   0.84000
064   0.88000
065   0.92000
066   0.96000
067   1.00000
068   0.96000
069   0.92000
070   0.88000
071   0.84000
072   0.80000
073   0.76000
074   0.72000
075   0.68000
076   0.64000
077   0.60000
078   0.56000
079   0.52000
080   0.48000
081   0.44000
082   0.40000
083   0.36000
084   0.32000
085   0.28000
086   0.24000
087   0.20000
088   0.16000
089   0.12000
090   0.08000
091   0.04000
092   0.00000
093   0.00000
094   0.00000
095   0.00000
096   0.00000
097   0.00000
098   0.00000
099   0.00000
100   0.00000
