101   0.00000
102   0.00000
103   0.00000
104   0.00000
105   0.00000
106   0.00000
107   0.00000
108   0.00000
109   0.00000
110   0.00000
111   0.00000
112   0.00000
113   0.00000
114   0.00000
115   0.00000
116   0.00000
117   0.00000
118   0.00000
119   0.00000
120   0.00000
121   0.00000
122   0.04000
123   0.08000
124   0.12000
125   0.16000
126   0.20000
127   0.24000
128   0.28000
129   0.32000
130   0.36000
131   0.40000
132   0.44000
133   0.48000
134   0.52000
135   0.56000
136   0.60000
137   0.64000
138   0.68000
139   0.72000
140   0.76000
141   0.80000
142   0.84000
143   0.88000
144   0.92000
145   0.96000
146   1.00000
147   0.96000
148   0.92000
149   0.88000
150   0.84000
151   0.80000
152   0.76000
153   0.72000
154   0.68000
155   0.64000
156   0.60000
157   0.56000
158   0.52000
159   0.48000
160   0.44000
161   0.40000
162   0.36000
163   0.32000
164   0.28000
165   0.24000
166   0.20000
167   0.16000
168   0.12000
169   0.08000
170   0.04000
171   0.00000
172   0.00000
173   0.00000
174   0.00000
175   0.00000
176   0.00000
177   0.00000
178   0.00000
179   0.00000
180   0.00000
181   0.00000
182   0.00000
183   0.00000
184   0.00000
185   0.00000
186   0.00000
187   0.00000
188   0.00000
189   0.00000
190   0.00000
191   0.00000
192   0.00000
193   0.00000
194   0.00000
195   0.00000
196   0.00000
197   0.00000
198   0.00000
199   0.00000
200   0.00000
