601   0.00000
602   0.00000
603   0.00000
604   0.00000
605   0.00000
606   0.00000
607   0.00000
608   0.00000
609   0.00000
610   0.00000
611   0.00000
612   0.00000
613   0.00000
614   0.00000
615   0.00000
616   0.00000
617   0.00000
618   0.00000
619   0.00000
620   0.00000
621   0.00000
622   0.00000
623   0.00000
624   0.00000
625   0.00000
626   0.00000
627   0.00000
628   0.00000
629   0.00000
630   0.00000
631   0.00000
632   0.00000
633   0.00000
634   0.00000
635   0.00000
636   0.00000
637   0.00000
638   0.00000
639   0.00000
640   0.00000
641   0.00000
642   0.00000
643   0.00000
644   0.00000
645   0.00000
646   0.00000
647   0.04000
648   0.08000
649   0.12000
650   0.16000
651   0.20000
652   0.24000
653   0.28000
654   0.32000
655   0.36000
656   0.40000
657   0.44000
658   0.48000
659   0.52000
660   0.56000
661   0.60000
662   0.64000
663   0.68000
664   0.72000
665   0.76000
666   0.80000
667   0.84000
668   0.88000
669   0.92000
670   0.96000
671   1.00000
672   0.96000
673   0.92000
674   0.88000
675   0.84000
676   0.80000
677   0.76000
678   0.72000
679   0.68000
680   0.64000
681   0.60000
682   0.56000
683   0.52000
684   0.48000
685   0.44000
686   0.40000
687   0.36000
688   0.32000
689   0.28000
690   0.24000
691   0.20000
692   0.16000
693   0.12000
694   0.08000
695   0.04000
696   0.00000
697   0.00000
698   0.00000
699   0.00000
700   0.00000
