601   0.20000
602   0.24000
603   0.28000
604   0.32000
605   0.36000
606   0.40000
607   0.44000
608   0.48000
609   0.52000
610   0.56000
611   0.60000
612   0.64000
613   0.68000
614   0.72000
615   0.76000
616   0.80000
617   0.84000
618   0.88000
619   0.92000
620   0.96000
621   1.00000
622   0.96000
623   0.92000
624   0.88000
625   0.84000
626   0.80000
627   0.76000
628   0.72000
629   0.68000
630   0.64000
631   0.60000
632   0.56000
633   0.52000
634   0.48000
635   0.44000
636   0.40000
637   0.36000
638   0.32000
639   0.28000
640   0.24000
641   0.20000
642   0.16000
643   0.12000
644   0.08000
645   0.04000
646   0.00000
647   0.00000
648   0.00000
649   0.00000
650   0.00000
651   0.00000
652   0.00000
653   0.00000
654   0.00000
655   0.00000
656   0.00000
657   0.00000
658   0.00000
659   0.00000
660   0.00000
661   0.00000
662   0.00000
663   0.00000
664   0.00000
665   0.00000
666   0.00000
667   0.00000
668   0.00000
669   0.00000
670   0.00000
671   0.00000
672   0.00000
673   0.00000
674   0.00000
675   0.00000
676   0.00000
677   0.00000
678   0.00000
679   0.00000
680   0.00000
681   0.00000
682   0.00000
683   0.00000
684   0.00000
685   0.00000
686   0.00000
687   0.00000
688   0.00000
689   0.00000
690   0.00000
691   0.00000
692   0.00000
693   0.00000
694   0.00000
695   0.00000
696   0.00000
697   0.00000
698   0.00000
699   0.00000
700   0.00000
