701   0.00000
702   0.00000
703   0.00000
704   0.00000
705   0.00000
706   0.00000
707   0.00000
708   0.00000
709   0.00000
710   0.00000
711   0.00000
712   0.00000
713   0.00000
714   0.00000
715   0.00000
716   0.04000
717   0.08000
718   0.12000
719   0.16000
720   0.20000
721   0.24000
722   0.28000
723   0.32000
724   0.36000
725   0.40000
726   0.44000
727   0.48000
728   0.52000
729   0.56000
730   0.60000
731   0.64000
732   0.68000
733   0.72000
734   0.76000
735   0.80000
736   0.84000
737   0.88000
738   0.92000
739   0.96000
740   1.00000
741   0.96000
742   0.92000
743   0.88000
744   0.84000
745   0.80000
746   0.76000
747   0.72000
748   0.68000
749   0.64000
750   0.60000
751   0.56000
752   0.52000
753   0.48000
754   0.44000
755   0.40000
756   0.36000
757   0.32000
758   0.28000
759   0.24000
760   0.20000
761   0.16000
762   0.12000
763   0.08000
764   0.04000
765   0.00000
766   0.00000
767   0.00000
768   0.00000
769   0.00000
770   0.00000
771   0.00000
772   0.00000
773   0.00000
774   0.00000
775   0.00000
776   0.00000
777   0.00000
778   0.00000
779   0.00000
780   0.00000
781   0.00000
782   0.00000
783   0.00000
784   0.00000
785   0.00000
786   0.00000
787   0.00000
788   0.00000
789   0.00000
790   0.00000
791   0.00000
792   0.00000
793   0.00000
794   0.00000
795   0.00000
796   0.00000
797   0.00000
798   0.00000
799   0.00000
800   0.00000
