601   0.20000
602   0.16000
603   0.12000
604   0.08000
605   0.04000
606   0.00000
607   0.00000
608   0.00000
609   0.00000
610   0.00000
611   0.00000
612   0.00000
613   0.00000
614   0.00000
615   0.00000
616   0.00000
617   0.00000
618   0.00000
619   0.00000
620   0.00000
621   0.00000
622   0.00000
623   0.00000
624   0.00000
625   0.00000
626   0.00000
627   0.00000
628   0.00000
629   0.00000
630   0.00000
631   0.00000
632   0.00000
633   0.00000
634   0.00000
635   0.00000
636   0.00000
637   0.00000
638   0.00000
639   0.00000
640   0.00000
641   0.00000
642   0.00000
643   0.00000
644   0.00000
645   0.00000
646   0.00000
647   0.00000
648   0.00000
649   0.00000
650   0.00000
651   0.00000
652   0.00000
653   0.00000
654   0.00000
655   0.00000
656   0.00000
657   0.00000
658   0.00000
659   0.00000
660   0.00000
661   0.00000
662   0.00000
663   0.00000
664   0.00000
665   0.00000
666   0.00000
667   0.00000
668   0.00000
669   0.00000
670   0.00000
671   0.00000
672   0.00000
673   0.00000
674   0.00000
675   0.00000
676   0.00000
677   0.00000
678   0.00000
679   0.00000
680   0.00000
681   0.00000
682   0.00000
683   0.00000
684   0.00000
685   0.00000
686   0.00000
687   0.00000
688   0.00000
689   0.00000
690   0.00000
691   0.00000
692   0.00000
693   0.00000
694   0.00000
695   0.00000
696   0.00000
697   0.00000
698   0.00000
699   0.00000
700   0.00000
