301   0.00000
302   0.00000
303   0.00000
304   0.00000
305   0.00000
306   0.00000
307   0.00000
308   0.00000
309   0.00000
310   0.00000
311   0.00000
312   0.00000
313   0.00000
314   0.00000
315   0.00000
316   0.00000
317   0.00000
318   0.00000
319   0.00000
320   0.00000
321   0.00000
322   0.00000
323   0.00000
324   0.00000
325   0.00000
326   0.00000
327   0.00000
328   0.00000
329   0.00000
330   0.00000
331   0.00000
332   0.00000
333   0.00000
334   0.00000
335   0.00000
336   0.00000
337   0.00000
338   0.00000
339   0.00000
340   0.04000
341   0.08000
342   0.12000
343   0.16000
344   0.20000
345   0.24000
346   0.28000
347   0.32000
348   0.36000
349   0.40000
350   0.44000
351   0.48000
352   0.52000
353   0.56000
354   0.60000
355   0.64000
356   0.68000
357   0.72000
358   0.76000
359   0.80000
360   0.84000
361   0.88000
362   0.92000
363   0.96000
364   1.00000
365   0.96000
366   0.92000
367   0.88000
368   0.84000
369   0.80000
370   0.76000
371   0.72000
372   0.68000
373   0.64000
374   0.60000
375   0.56000
376   0.52000
377   0.48000
378   0.44000
379   0.40000
380   0.36000
381   0.32000
382   0.28000
383   0.24000
384   0.20000
385   0.16000
386   0.12000
387   0.08000
388   0.04000
389   0.00000
390   0.00000
391   0.00000
392   0.00000
393   0.00000
394   0.00000
395   0.00000
396   0.00000
397   0.00000
398   0.00000
399   0.00000
400   0.00000
