001   0.00000
002   0.00000
003   0.00000
004   0.00000
005   0.00000
006   0.00000
007   0.00000
008   0.00000
009   0.00000
010   0.00000
011   0.00000
012   0.00000
013   0.00000
014   0.00000
015   0.00000
016   0.00000
017   0.00000
018   0.00000
019   0.00000
020   0.00000
021   0.00000
022   0.00000
023   0.00000
024   0.00000
025   0.00000
026   0.00000
027   0.00000
028   0.00000
029   0.00000
030   0.00000
031   0.00000
032   0.00000
033   0.00000
034   0.00000
035   0.00000
036   0.00000
037   0.00000
038   0.00000
039   0.00000
040   0.00000
041   0.00000
042   0.00000
043   0.00000
044   0.00000
045   0.00000
046   0.00000
047   0.00000
048   0.00000
049   0.00000
050   0.00000
051   0.00000
052   0.00000
053   0.04000
054   0.08000
055   0.12000
056   0.16000
057   0.20000
058   0.24000
059   0.28000
060   0.32000
061   0.36000
062   0.40000
063   0.44000
064   0.48000
065   0.52000
066   0.56000
067   0.60000
068   0.64000
069   0.68000
070   0.72000
071   0.76000
072   0.80000
073   0.84000
074   0.88000
075   0.92000
076   0.96000
077   1.00000
078   0.96000
079   0.92000
080   0.88000
081   0.84000
082   0.80000
083   0.76000
084   0.72000
085   0.68000
086   0.64000
087   0.60000
088   0.56000
089   0.52000
090   0.48000
091   0.44000
092   0.40000
093   0.36000
094   0.32000
095   0.28000
096   0.24000
097   0.20000
098   0.16000
099   0.12000
100   0.08000
