101   0.00000
102   0.00000
103   0.00000
104   0.00000
105   0.00000
106   0.00000
107   0.00000
108   0.00000
109   0.00000
110   0.00000
111   0.00000
112   0.00000
113   0.00000
114   0.00000
115   0.00000
116   0.00000
117   0.00000
118   0.00000
119   0.00000
120   0.00000
121   0.00000
122   0.00000
123   0.00000
124   0.00000
125   0.00000
126   0.00000
127   0.00000
128   0.00000
129   0.00000
130   0.00000
131   0.00000
132   0.04000
133   0.08000
134   0.12000
135   0.16000
136   0.20000
137   0.24000
138   0.28000
139   0.32000
140   0.36000
141   0.40000
142   0.44000
143   0.48000
144   0.52000
145   0.56000
146   0.60000
147   0.64000
148   0.68000
149   0.72000
150   0.76000
151   0.80000
152   0.84000
153   0.88000
154   0.92000
155   0.96000
156   1.00000
157   0.96000
158   0.92000
159   0.88000
160   0.84000
161   0.80000
162   0.76000
163   0.72000
164   0.68000
165   0.64000
166   0.60000
167   0.56000
168   0.52000
169   0.48000
170   0.44000
171   0.40000
172   0.36000
173   0.32000
174   0.28000
175   0.24000
176   0.20000
177   0.16000
178   0.12000
179   0.08000
180   0.04000
181   0.00000
182   0.00000
183   0.00000
184   0.00000
185   0.00000
186   0.00000
187   0.00000
188   0.00000
189   0.00000
190   0.00000
191   0.00000
192   0.00000
193   0.00000
194   0.00000
195   0.00000
196   0.00000
197   0.00000
198   0.00000
199   0.00000
200   0.00000
