601   0.00000
602   0.00000
603   0.00000
604   0.00000
605   0.00000
606   0.00000
607   0.04000
608   0.08000
609   0.12000
610   0.16000
611   0.20000
612   0.24000
613   0.28000
614   0.32000
615   0.36000
616   0.40000
617   0.44000
618   0.48000
619   0.52000
620   0.56000
621   0.60000
622   0.64000
623   0.68000
624   0.72000
625   0.76000
626   0.80000
627   0.84000
628   0.88000
629   0.92000
630   0.96000
631   1.00000
632   0.96000
633   0.92000
634   0.88000
635   0.84000
636   0.80000
637   0.76000
638   0.72000
639   0.68000
640   0.64000
641   0.60000
642   0.56000
643   0.52000
644   0.48000
645   0.44000
646   0.40000
647   0.36000
648   0.32000
649   0.28000
650   0.24000
651   0.20000
652   0.16000
653   0.12000
654   0.08000
655   0.04000
656   0.00000
657   0.00000
658   0.00000
659   0.00000
660   0.00000
661   0.00000
662   0.00000
663   0.00000
664   0.00000
665   0.00000
666   0.00000
667   0.00000
668   0.00000
669   0.00000
670   0.00000
671   0.00000
672   0.00000
673   0.00000
674   0.00000
675   0.00000
676   0.00000
677   0.00000
678   0.00000
679   0.00000
680   0.00000
681   0.00000
682   0.00000
683   0.00000
684   0.00000
685   0.00000
686   0.00000
687   0.00000
688   0.00000
689   0.00000
690   0.00000
691   0.00000
692   0.00000
693   0.00000
694   0.00000
695   0.00000
696   0.00000
697   0.00000
698   0.00000
699   0.00000
700   0.00000
