601   0.00000
602   0.00000
603   0.00000
604   0.00000
605   0.00000
606   0.00000
607   0.00000
608   0.00000
609   0.00000
610   0.00000
611   0.00000
612   0.00000
613   0.00000
614   0.00000
615   0.00000
616   0.00000
617   0.00000
618   0.00000
619   0.00000
620   0.00000
621   0.00000
622   0.00000
623   0.00000
624   0.00000
625   0.00000
626   0.00000
627   0.00000
628   0.00000
629   0.00000
630   0.00000
631   0.00000
632   0.00000
633   0.00000
634   0.00000
635   0.00000
636   0.00000
637   0.04000
638   0.08000
639   0.12000
640   0.16000
641   0.20000
642   0.24000
643   0.28000
644   0.32000
645   0.36000
646   0.40000
647   0.44000
648   0.48000
649   0.52000
650   0.56000
651   0.60000
652   0.64000
653   0.68000
654   0.72000
655   0.76000
656   0.80000
657   0.84000
658   0.88000
659   0.92000
660   0.96000
661   1.00000
662   0.96000
663   0.92000
664   0.88000
665   0.84000
666   0.80000
667   0.76000
668   0.72000
669   0.68000
670   0.64000
671   0.60000
672   0.56000
673   0.52000
674   0.48000
675   0.44000
676   0.40000
677   0.36000
678   0.32000
679   0.28000
680   0.24000
681   0.20000
682   0.16000
683   0.12000
684   0.08000
685   0.04000
686   0.00000
687   0.00000
688   0.00000
689   0.00000
690   0.00000
691   0.00000
692   0.00000
693   0.00000
694   0.00000
695   0.00000
696   0.00000
697   0.00000
698   0.00000
699   0.00000
700   0.00000
