401   0.00000
402   0.00000
403   0.00000
404   0.00000
405   0.00000
406   0.00000
407   0.00000
408   0.00000
409   0.00000
410   0.00000
411   0.00000
412   0.00000
413   0.00000
414   0.00000
415   0.00000
416   0.00000
417   0.00000
418   0.00000
419   0.00000
420   0.00000
421   0.00000
422   0.00000
423   0.00000
424   0.00000
425   0.00000
426   0.00000
427   0.00000
428   0.00000
429   0.00000
430   0.00000
431   0.00000
432   0.00000
433   0.00000
434   0.00000
435   0.00000
436   0.00000
437   0.00000
438   0.00000
439   0.00000
440   0.00000
441   0.00000
442   0.00000
443   0.00000
444   0.00000
445   0.00000
446   0.00000
447   0.00000
448   0.00000
449   0.00000
450   0.00000
451   0.00000
452   0.00000
453   0.00000
454   0.00000
455   0.00000
456   0.00000
457   0.00000
458   0.00000
459   0.00000
460   0.00000
461   0.00000
462   0.00000
463   0.00000
464   0.00000
465   0.00000
466   0.00000
467   0.00000
468   0.00000
469   0.00000
470   0.00000
471   0.00000
472   0.00000
473   0.00000
474   0.00000
475   0.00000
476   0.00000
477   0.00000
478   0.00000
479   0.00000
480   0.00000
481   0.00000
482   0.00000
483   0.00000
484   0.00000
485   0.00000
486   0.00000
487   0.00000
488   0.00000
489   0.04000
490   0.08000
491   0.12000
492   0.16000
493   0.20000
494   0.24000
495   0.28000
496   0.32000
497   0.36000
498   0.40000
499   0.44000
500   0.48000
