501   0.00000
502   0.00000
503   0.00000
504   0.00000
505   0.00000
506   0.00000
507   0.00000
508   0.04000
509   0.08000
510   0.12000
511   0.16000
512   0.20000
513   0.24000
514   0.28000
515   0.32000
516   0.36000
517   0.40000
518   0.44000
519   0.48000
520   0.52000
521   0.56000
522   0.60000
523   0.64000
524   0.68000
525   0.72000
526   0.76000
527   0.80000
528   0.84000
529   0.88000
530   0.92000
531   0.96000
532   1.00000
533   0.96000
534   0.92000
535   0.88000
536   0.84000
537   0.80000
538   0.76000
539   0.72000
540   0.68000
541   0.64000
542   0.60000
543   0.56000
544   0.52000
545   0.48000
546   0.44000
547   0.40000
548   0.36000
549   0.32000
550   0.28000
551   0.24000
552   0.20000
553   0.16000
554   0.12000
555   0.08000
556   0.04000
557   0.00000
558   0.00000
559   0.00000
560   0.00000
561   0.00000
562   0.00000
563   0.00000
564   0.00000
565   0.00000
566   0.00000
567   0.00000
568   0.00000
569   0.00000
570   0.00000
571   0.00000
572   0.00000
573   0.00000
574   0.00000
575   0.00000
576   0.00000
577   0.00000
578   0.00000
579   0.00000
580   0.00000
581   0.00000
582   0.00000
583   0.00000
584   0.00000
585   0.00000
586   0.00000
587   0.00000
588   0.00000
589   0.00000
590   0.00000
591   0.00000
592   0.00000
593   0.00000
594   0.00000
595   0.00000
596   0.00000
597   0.00000
598   0.00000
599   0.00000
600   0.00000
