201   0.00000
202   0.00000
203   0.00000
204   0.00000
205   0.00000
206   0.00000
207   0.00000
208   0.00000
209   0.00000
210   0.00000
211   0.00000
212   0.00000
213   0.00000
214   0.00000
215   0.00000
216   0.00000
217   0.00000
218   0.00000
219   0.00000
220   0.00000
221   0.00000
222   0.00000
223   0.00000
224   0.00000
225   0.00000
226   0.00000
227   0.00000
228   0.00000
229   0.00000
230   0.00000
231   0.00000
232   0.00000
233   0.00000
234   0.00000
235   0.00000
236   0.00000
237   0.00000
238   0.00000
239   0.00000
240   0.00000
241   0.04000
242   0.08000
243   0.12000
244   0.16000
245   0.20000
246   0.24000
247   0.28000
248   0.32000
249   0.36000
250   0.40000
251   0.44000
252   0.48000
253   0.52000
254   0.56000
255   0.60000
256   0.64000
257   0.68000
258   0.72000
259   0.76000
260   0.80000
261   0.84000
262   0.88000
263   0.92000
264   0.96000
265   1.00000
266   0.96000
267   0.92000
268   0.88000
269   0.84000
270   0.80000
271   0.76000
272   0.72000
273   0.68000
274   0.64000
275   0.60000
276   0.56000
277   0.52000
278   0.48000
279   0.44000
280   0.40000
281   0.36000
282   0.32000
283   0.28000
284   0.24000
285   0.20000
286   0.16000
287   0.12000
288   0.08000
289   0.04000
290   0.00000
291   0.00000
292   0.00000
293   0.00000
294   0.00000
295   0.00000
296   0.00000
297   0.00000
298   0.00000
299   0.00000
300   0.00000
