001   0.00000
002   0.00000
003   0.00000
004   0.00000
005   0.00000
006   0.00000
007   0.00000
008   0.00000
009   0.00000
010   0.00000
011   0.00000
012   0.00000
013   0.00000
014   0.00000
015   0.00000
016   0.00000
017   0.00000
018   0.00000
019   0.00000
020   0.00000
021   0.00000
022   0.00000
023   0.00000
024   0.00000
025   0.00000
026   0.00000
027   0.00000
028   0.00000
029   0.00000
030   0.00000
031   0.00000
032   0.00000
033   0.04000
034   0.08000
035   0.12000
036   0.16000
037   0.20000
038   0.24000
039   0.28000
040   0.32000
041   0.36000
042   0.40000
043   0.44000
044   0.48000
045   0.52000
046   0.56000
047   0.60000
048   0.64000
049   0.68000
050   0.72000
051   0.76000
052   0.80000
053   0.84000
054   0.88000
055   0.92000
056   0.96000
057   1.00000
058   0.96000
059   0.92000
060   0.88000
061   0.84000
062   0.80000
063   0.76000
064   0.72000
065   0.68000
066   0.64000
067   0.60000
068   0.56000
069   0.52000
070   0.48000
071   0.44000
072   0.40000
073   0.36000
074   0.32000
075   0.28000
076   0.24000
077   0.20000
078   0.16000
079   0.12000
080   0.08000
081   0.04000
082   0.00000
083   0.00000
084   0.00000
085   0.00000
086   0.00000
087   0.00000
088   0.00000
089   0.00000
090   0.00000
091   0.00000
092   0.00000
093   0.00000
094   0.00000
095   0.00000
096   0.00000
097   0.00000
098   0.00000
099   0.00000
100   0.00000
